model: clip
E: 1
nu: 0.3
gauss: 2
nodes: 1243
elements: 1152
nodes_list:
1 99.99999996 30.0 0.0
2 99.999999963333 27.500000005 0.0
3 99.999999966667 25.00000001 0.0
4 99.99999997 22.500000015 0.0
5 99.999999973333 20.00000002 0.0
6 99.999999976667 17.500000025 0.0
7 99.99999998 15.00000003 0.0
8 99.999999983333 12.500000035 0.0
9 99.999999986667 10.00000004 0.0
10 99.99999999 7.500000045 0.0
11 99.999999993333 5.00000005 0.0
12 99.999999996667 2.500000055 0.0
13 100.0 6.000000496e-08 0.0
14 97.5000000075 5.849999241e-08 0.0
15 95.000000015 5.700000827e-08 0.0
16 92.5000000225 5.549999571e-08 0.0
17 90.00000003 5.399999736e-08 0.0
18 87.5000000375 5.249999901e-08 0.0
19 85.000000045 5.100000067e-08 0.0
20 82.5000000525 4.950000232e-08 0.0
21 80.00000006 4.799998976e-08 0.0
22 77.5000000675 4.650000562e-08 0.0
23 75.000000075 4.499999307e-08 0.0
24 72.5000000825 4.350000893e-08 0.0
25 70.00000009 4.199999637e-08 0.0
26 67.5000000975 4.049999802e-08 0.0
27 65.000000105 3.899999967e-08 0.0
28 62.5000001125 3.750000133e-08 0.0
29 60.00000012 3.600000298e-08 0.0
30 57.5000001275 3.449999042e-08 0.0
31 55.000000135 3.300000628e-08 0.0
32 52.5000001425 3.149999372e-08 0.0
33 50.00000015 2.999999538e-08 0.0
34 47.5000001575 2.849999703e-08 0.0
35 45.000000165 2.699999868e-08 0.0
36 42.5000001725 2.550000033e-08 0.0
37 40.00000018 2.400000199e-08 0.0
38 37.5000001875 2.250000364e-08 0.0
39 35.000000195 2.099999108e-08 0.0
40 32.5000002025 1.949999273e-08 0.0
41 30.00000021 1.799999438e-08 0.0
42 27.5000002175 1.649999604e-08 0.0
43 25.000000225 1.499999769e-08 0.0
44 22.5000002325 1.349999934e-08 0.0
45 20.00000024 1.200000099e-08 0.0
46 17.5000002475 1.050000265e-08 0.0
47 15.000000255 8.999990087e-09 0.0
48 12.5000002625 7.499991739e-09 0.0
49 10.00000027 5.999993391e-09 0.0
50 7.5000002775 4.499995043e-09 0.0
51 5.000000285 2.999996696e-09 0.0
52 2.5000002925 1.499998348e-09 0.0
53 2.999999805e-07 0.0 0.0
54 2.812499817e-07 2.5 0.0
55 2.624999829e-07 5.0 0.0
56 2.437499842e-07 7.5 0.0
57 2.249999854e-07 10.0 0.0
58 2.062499866e-07 12.5 0.0
59 1.874999878e-07 15.0 0.0
60 1.68749989e-07 17.5 0.0
61 1.499999903e-07 20.0 0.0
62 1.312499915e-07 22.5 0.0
63 1.124999927e-07 25.0 0.0
64 9.374999391e-08 27.5 0.0
65 7.499999513e-08 30.0 0.0
66 5.624999634e-08 32.5 0.0
67 3.749999756e-08 35.0 0.0
68 1.874999878e-08 37.5 0.0
69 0.0 40.0 0.0
70 2.5 40.0 0.0
71 5.0 40.0 0.0
72 7.5 40.0 0.0
73 10.0 40.0 0.0
74 12.5 40.0 0.0
75 15.0 40.0 0.0
76 17.5 40.0 0.0
77 20.0 40.0 0.0
78 22.5 40.0 0.0
79 25.0 40.0 0.0
80 27.5 40.0 0.0
81 30.0 40.0 0.0
82 32.5 40.0 0.0
83 35.0 40.0 0.0
84 37.5 40.0 0.0
85 40.0 40.0 0.0
86 42.5 40.0 0.0
87 45.0 40.0 0.0
88 47.5 40.0 0.0
89 50.0 40.0 0.0
90 50.319311236383 37.494839560662 0.0
91 51.255924911519 35.149615884377 0.0
92 52.74996873782 33.113690190707 0.0
93 54.706345957112 31.516886337873 0.0
94 57.000532154291 30.461560767232 0.0
95 59.48578466096 30.013658206578 0.0
96 62.017708646584 30.0 0.0
97 64.549861400812 30.0 0.0
98 67.08201415504 30.0 0.0
99 69.614166909267 30.0 0.0
100 72.146319663495 30.0 0.0
101 74.678472417723 30.0 0.0
102 77.21062517195 30.0 0.0
103 79.742777926178 30.0 0.0
104 82.274930680406 30.0 0.0
105 84.807083434634 30.0 0.0
106 87.339236188861 30.0 0.0
107 89.871388943089 30.0 0.0
108 92.403541697317 30.0 0.0
109 94.935694451545 30.0 0.0
110 97.467847205772 30.0 0.0
111 2.5000004105862 2.4999998569712 0.0
112 5.000000599989 2.4999998000802 0.0
113 2.5000005056094 4.9999997335454 0.0
114 7.5000004154576 2.4999998081973 0.0
115 5.0000007592991 4.9999996686496 0.0
116 2.5000005865013 7.4999997509812 0.0
117 10.00000036765 2.4999998065484 0.0
118 7.5000005539915 4.9999996542303 0.0
119 5.0000008794323 7.4999996872632 0.0
120 2.500000655674 9.9999997625573 0.0
121 12.500000331561 2.4999998068527 0.0
122 10.000000465876 4.9999996495768 0.0
123 7.5000006924125 7.4999996705172 0.0
124 5.0000009858932 9.9999997049002 0.0
125 2.5000006704815 12.499999774133 0.0
126 15.000000297968 2.499999807157 0.0
127 12.500000401198 4.9999996468766 0.0
128 10.000000563988 7.499999663537 0.0
129 7.500000815208 9.9999996907105 0.0
130 5.0000010226876 12.499999722537 0.0
131 2.5000006735698 14.999999791569 0.0
132 17.500000276095 2.4999998055081 0.0
133 15.000000341512 4.9999996441764 0.0
134 12.500000470722 7.4999996585102 0.0
135 10.000000654289 9.9999996814036 0.0
136 7.5000008655166 12.499999710904 0.0
137 5.0000010458096 14.999999741151 0.0
138 2.5000006766582 17.499999809005 0.0
139 20.000000254221 2.4999998038592 0.0
140 17.500000305266 4.999999639523 0.0
141 15.000000384944 7.4999996534832 0.0
142 12.50000053634 9.9999996720968 0.0
143 10.000000708346 12.49999969927 0.0
144 7.5000009001996 14.999999727191 0.0
145 5.0000010689316 17.499999759764 0.0
146 2.5000006749248 19.999999822102 0.0
147 22.501235383397 2.4984460269962 0.0
148 20.000000269018 4.9999996348696 0.0
149 17.500000334324 7.4999996465031 0.0
150 15.000000428376 9.99999966279 0.0
151 12.500000586332 12.499999685684 0.0
152 10.00000075459 14.99999971323 0.0
153 7.5000009348826 17.499999743478 0.0
154 5.0000010827606 19.999999771937 0.0
155 2.5000006524494 22.499999834752 0.0
156 25.003574443913 2.485301739305 0.0
157 22.505637744514 4.9965331743502 0.0
158 20.000000283703 7.499999639523 0.0
159 17.500000363382 9.9999996534832 0.0
160 15.000000471807 12.499999672097 0.0
161 12.500000632418 14.999999697317 0.0
162 10.000000800834 17.499999727191 0.0
163 7.5000009558014 19.999999751221 0.0
164 5.0000010551056 22.499999783214 0.0
165 2.5000006258533 24.999999847534 0.0
166 27.511921358678 2.4584222321527 0.0
167 25.01473250414 4.9690983183474 0.0
168 22.510983205428 7.4942035488603 0.0
169 20.000000298388 9.9999996441764 0.0
170 17.50000039244 12.499999660463 0.0
171 15.000000515238 14.999999681404 0.0
172 12.500000678504 17.499999708951 0.0
173 10.000000828842 19.999999730504 0.0
174 7.5000009144941 22.49999975762 0.0
175 5.0000010188586 24.99999979252 0.0
176 2.5000005992571 27.499999860316 0.0
177 27.536705125863 4.9140956100975 0.0
178 30.027417658257 2.4223757965611 0.0
179 25.027572890212 7.4515998042066 0.0
180 22.516542337659 9.9918360262531 0.0
181 20.000000313072 12.49999964883 0.0
182 17.500000421498 14.999999667444 0.0
183 15.00000055867 17.49999969071 0.0
184 12.500000706705 19.999999710771 0.0
185 10.000000773883 22.499999732026 0.0
186 7.5000008601236 24.999999759947 0.0
187 5.0000009826116 27.499999801827 0.0
188 2.50000055545 29.999999852928 0.0
189 30.069919599123 4.84046664622 0.0
190 27.564012908846 7.3681480798113 0.0
191 32.554709224976 2.384126530054 0.0
192 25.040714268193 9.9342865251251 0.0
193 22.522310073348 12.489523442092 0.0
194 20.000000327757 14.999999653483 0.0
195 17.500000450556 17.499999674424 0.0
196 15.000000584567 19.999999693842 0.0
197 12.50000064908 22.499999710352 0.0
198 10.000000701389 24.999999727373 0.0
199 7.5000008057532 27.499999762273 0.0
200 5.0000009283879 29.999999788147 0.0
201 2.5000004415558 32.499999842852 0.0
202 30.114497802148 7.2566588284417 0.0
203 32.622527925268 4.7613488922456 0.0
204 27.590999692203 9.82346053138 0.0
205 35.093662966284 2.3504792141019 0.0
206 25.054219147695 12.417593510208 0.0
207 22.528486254805 14.987691971443 0.0
208 20.000000342441 17.499999658137 0.0
209 17.50000046655 19.999999677331 0.0
210 15.000000527496 22.499999695182 0.0
211 12.500000573571 24.999999700121 0.0
212 10.000000628895 27.499999722719 0.0
213 5.0000007843508 32.499999769091 0.0
214 7.5000007326402 29.999999752814 0.0
215 2.5000003146561 34.999999827714 0.0
216 32.68927497581 7.1357970611755 0.0
217 30.157127725857 9.6757741834721 0.0
218 35.1937651536 4.6898694472453 0.0
219 37.649706085798 2.3300686979504 0.0
220 27.617783377034 12.280792270684 0.0
221 25.068586732944 14.904381333091 0.0
222 22.534570119319 17.485907277119 0.0
223 20.000000348534 19.99999966082 0.0
224 17.500000420319 22.499999678895 0.0
225 12.500000498062 27.499999689889 0.0
226 15.00000045219 24.999999685875 0.0
227 5.0000006230379 34.999999729566 0.0
228 10.00000054773 29.999999714691 0.0
229 7.5000005660778 32.499999739772 0.0
230 2.5000002017748 37.499999896686 0.0
231 32.748740464375 9.5144096978993 0.0
232 35.286633865861 7.023830741052 0.0
233 37.795030480524 4.6418755261423 0.0
234 30.197779540296 12.099175860009 0.0
235 27.645520600414 14.747576549176 0.0
236 40.212614992677 2.3262604853012 0.0
237 25.082510974905 17.393133939039 0.0
238 22.538864205891 19.984887894533 0.0
239 5.0000004183734 37.499999869424 0.0
240 20.000000313142 22.499999662608 0.0
241 17.500000360324 24.999999671915 0.0
242 12.500000418217 29.999999680774 0.0
243 15.000000376883 27.499999676568 0.0
244 7.5000003779693 34.999999704871 0.0
245 10.000000419841 32.499999704871 0.0
246 35.362523982742 9.3604136927359 0.0
247 37.922253260864 6.9421171832176 0.0
248 32.800012727673 11.90022184341 0.0
249 30.238475222956 14.540586022453 0.0
250 27.67206273531 17.221290137122 0.0
251 40.41034717129 4.6245394760812 0.0
252 25.091937178915 19.888905738039 0.0
253 7.5000001898608 37.499999838191 0.0
254 22.539497982363 22.484354243204 0.0
255 20.000000268458 24.999999657954 0.0
256 12.500000318228 32.499999671658 0.0
257 10.000000280478 34.999999681604 0.0
258 17.500000300328 27.499999664935 0.0
259 15.000000301576 29.999999667261 0.0
260 42.784314133572 2.3307691673821 0.0
261 38.013788363667 9.2368203968845 0.0
262 35.419159178444 11.706529649866 0.0
263 32.847743714613 14.314331553309 0.0
264 30.276337950229 16.9963021257 0.0
265 27.689669514852 19.714766349575 0.0
266 40.57589733054 6.9008908042901 0.0
267 25.092515906564 22.389353310549 0.0
268 10.000000141115 37.499999826558 0.0
269 22.53670200788 24.985329593167 0.0
270 12.500000212503 34.999999658623 0.0
271 20.000000223773 27.499999653301 0.0
272 15.00000022627 32.499999657954 0.0
273 17.500000240332 29.999999657954 0.0
274 43.047020316879 4.6222561332363 0.0
275 45.348670709602 2.3357804614674 0.0
276 38.065120741573 11.54042629902 0.0
277 35.46710574557 14.090411407637 0.0
278 32.891472285509 16.7519255131 0.0
279 30.300511906882 19.489030456747 0.0
280 27.690204923465 22.221198346149 0.0
281 40.675959297468 9.1554362936328 0.0
282 25.085205295854 24.898836050293 0.0
283 12.500000106777 37.499999813808 0.0
284 22.531938616267 27.487040300513 0.0
285 15.000000150964 34.999999648648 0.0
286 17.500000180337 32.499999650974 0.0
287 20.000000179088 29.999999648648 0.0
288 43.260525107453 6.8779430261917 0.0
289 47.91181182817 2.3450538932612 0.0
290 45.67737190498 4.62354711794 0.0
291 38.100078712145 13.885849081226 0.0
292 35.512154700585 16.507506647916 0.0
293 32.920944231905 19.245878476821 0.0
294 40.703172764099 11.414573052025 0.0
295 30.299947764385 22.005249687 0.0
296 27.676080624897 24.748999251047 0.0
297 25.073706297913 27.412377101236 0.0
298 15.000000075657 37.499999807561 0.0
299 17.500000120342 34.999999643994 0.0
300 22.526310044148 29.989399496926 0.0
301 20.000000134404 32.499999643994 0.0
302 43.360032770156 9.0908692832889 0.0
303 50.453279282097 2.3643611111514 0.0
304 45.949043571358 6.8565580296079 0.0
305 48.309040919737 4.6481927464187 0.0
306 38.138560107491 16.271570975052 0.0
307 35.546940088037 18.999617060743 0.0
308 40.713740269311 13.711652446537 0.0
309 32.924671122056 21.773648099967 0.0
310 30.279029931368 24.558107709513 0.0
311 27.654227695254 27.285209634721 0.0
312 43.332142221409 11.30556246305 0.0
313 25.060450248593 29.929403594129 0.0
314 17.500000060346 37.499999805235 0.0
315 22.520604350493 32.491845660086 0.0
316 20.00000008972 34.999999639341 0.0
317 52.982384041293 2.3900659661755 0.0
318 46.034848209967 9.0193138691773 0.0
319 50.897206801999 4.7137048464894 0.0
320 48.675601484922 6.9008989606185 0.0
321 38.181400623398 18.74562147653 0.0
322 40.748992934807 16.048815572569 0.0
323 35.560879770684 21.534801123877 0.0
324 43.313352201735 13.550984705766 0.0
325 32.907504867842 24.353297182068 0.0
326 30.247555891891 27.12370260727 0.0
327 27.628459484452 29.828576700642 0.0
328 20.000000045035 37.499999802908 0.0
329 25.047118102389 32.446709081882 0.0
330 22.515035382109 34.994194342412 0.0
331 45.872241666129 11.186608919968 0.0
332 55.488290015754 2.4327712221372 0.0
333 53.450013335981 4.7704866196724 0.0
334 48.781034394007 8.997905516626 0.0
335 51.332483098024 7.0810503195611 0.0
336 40.811126460966 18.477775496498 0.0
337 43.359000633641 15.82698816671 0.0
338 38.221415800671 21.269811208174 0.0
339 35.558350236326 24.135926930488 0.0
340 45.831927427559 13.380989122554 0.0
341 32.876543617498 26.948079768743 0.0
342 30.209376617023 29.700553293349 0.0
343 48.264469285323 11.078579051447 0.0
344 27.600844447984 32.371953438011 0.0
345 25.034064633517 34.963457647982 0.0
346 22.509057291784 37.49642867585 0.0
347 57.982253561454 2.4984943106574 0.0
348 55.959491232059 4.8527846667987 0.0
349 43.455529918583 18.190102208008 0.0
350 48.284778229899 13.197372377831 0.0
351 53.915663361316 7.1369011639927 0.0
352 50.270249999798 11.133443807197 0.0
353 45.927973894654 15.587426892792 0.0
354 51.744386201077 9.517958899704 0.0
355 40.891260680715 20.961456490168 0.0
356 38.258315585786 23.874224421743 0.0
357 35.539665960746 26.752868153679 0.0
358 32.828286565987 29.558701753356 0.0
359 30.165543297296 32.276544308285 0.0
360 27.5721505795 34.913853425397 0.0
361 25.020232434829 37.480405208857 0.0
362 50.688130358104 12.856221852793 0.0
363 60.452042211128 2.5702862237243 0.0
364 46.086309477392 17.876093808554 0.0
365 48.490123937445 15.294542025282 0.0
366 58.453092198822 4.9897659171758 0.0
367 56.441804532752 7.2306712786524 0.0
368 43.590777695186 20.608400119655 0.0
369 54.431010329891 9.4703424178263 0.0
370 40.985314880729 23.544770296284 0.0
371 52.896469617598 12.059338482358 0.0
372 38.274921613404 26.498530524325 0.0
373 35.48396715288 29.392773356998 0.0
374 32.759473552096 32.16818768703 0.0
375 30.117450974806 34.850239493001 0.0
376 27.541162957928 37.455741520575 0.0
377 50.997313480636 14.894731570218 0.0
378 62.902748460961 2.6136465019643 0.0
379 48.72074612236 17.513884583502 0.0
380 60.905150035135 5.1457974795099 0.0
381 46.290177095756 20.22320650342 0.0
382 58.947136230019 7.4488475828964 0.0
383 43.756047227702 23.141660103699 0.0
384 56.958327694002 9.5550446426238 0.0
385 55.140344171506 11.807650383896 0.0
386 41.068004031541 26.169706059349 0.0
387 38.20898460991 29.162517930124 0.0
388 35.376952654428 32.035838635322 0.0
389 53.424757793246 14.40785112086 0.0
390 32.678137736808 34.777294941956 0.0
391 30.065173923188 37.423694603914 0.0
392 65.340188537912 2.6054972121474 0.0
393 51.32244904554 17.100818730319 0.0
394 48.993645292746 19.812537037706 0.0
395 63.324040410502 5.2411107091985 0.0
396 46.538513031274 22.684003583715 0.0
397 61.394555578605 7.7293275809728 0.0
398 59.46019081524 9.8465656343238 0.0
399 43.915826811405 25.741471190434 0.0
400 57.475197031891 11.818644226297 0.0
401 41.011056356521 28.868877294536 0.0
402 38.016353034625 31.849698300326 0.0
403 55.799946155836 14.162964323403 0.0
404 35.24582800478 34.687592135853 0.0
405 32.593393287592 37.387018209331 0.0
406 53.905148492254 16.699354248546 0.0
407 67.777411571579 2.5519342896631 0.0
408 51.671364467783 19.379173247984 0.0
409 65.714934221324 5.2285785339524 0.0
410 49.31641592747 22.244233269838 0.0
411 63.788333058796 7.8974470206127 0.0
412 46.81778411652 25.151856087144 0.0
413 61.910115272235 10.313431731428 0.0
414 43.952933309227 28.557011457062 0.0
415 37.794152351669 34.562883030897 0.0
416 40.64475526502 31.632125946306 0.0
417 35.116370657928 37.342776976843 0.0
418 59.897800973954 12.101622349381 0.0
419 58.093370406623 14.108917783703 0.0
420 70.228348176071 2.4732496282402 0.0
421 56.510168140852 16.450901251432 0.0
422 54.345495583147 18.980908777258 0.0
423 68.09779879071 5.1192371949358 0.0
424 52.051603065203 21.762483974581 0.0
425 66.136554995082 7.8857389587693 0.0
426 49.708353360999 24.774359918152 0.0
427 60.037907081803 13.98552491315 0.0
428 47.114869948762 27.502313057348 0.0
429 64.279842910984 10.558298145009 0.0
430 37.589913499988 37.286751955762 0.0
431 40.320128990403 34.439039499346 0.0
432 72.695385140299 2.3938458838478 0.0
433 43.103132508256 31.670019281774 0.0
434 62.336593246452 12.963946141852 0.0
435 70.500277230215 4.9518024167157 0.0
436 59.218262801836 16.312998246446 0.0
437 45.669219731387 30.262625941917 0.0
438 57.051745511463 18.706019388484 0.0
439 54.765775302473 21.31031786018 0.0
440 68.462664280947 7.7086996724063 0.0
441 52.477522185985 24.204282232242 0.0
442 50.317498316786 27.523807813111 0.0
443 66.598834507208 10.549709986567 0.0
444 75.185953583714 2.3337325535324 0.0
445 47.47109851713 29.938360720158 0.0
446 45.485914967647 32.335906072695 0.0
447 39.949912302982 37.231248948942 0.0
448 72.928275376612 4.7862410456676 0.0
449 42.871990960392 34.525668407075 0.0
450 64.690391262717 13.247202728712 0.0
451 70.811435368497 7.4187026101243 0.0
452 59.80617903394 18.51354766488 0.0
453 62.087220851907 15.706393175844 0.0
454 57.490110075866 20.99039507002 0.0
455 55.203858295519 23.652733422351 0.0
456 53.057479421639 26.680981249149 0.0
457 68.873927720946 10.303690926076 0.0
458 49.258108089099 29.845820070413 0.0
459 75.400357843558 4.6640036621242 0.0
460 77.686392324445 2.2986648767404 0.0
461 41.99795856255 37.343000441801 0.0
462 47.921258005958 32.55160849676 0.0
463 44.235595571762 36.637382032986 0.0
464 73.195225634946 7.1579196298314 0.0
465 45.658797634456 34.647512037962 0.0
466 67.107772171983 13.23917984668 0.0
467 50.102835977111 32.154690100027 0.0
468 62.529076347356 18.291441933394 0.0
469 60.216252699025 20.808917766782 0.0
470 64.912047815821 15.79349980065 0.0
471 57.925696560406 23.290354266437 0.0
472 71.161314739714 9.8332492933325 0.0
473 51.867847021981 30.327977097657 0.0
474 55.72396661467 25.990095224472 0.0
475 75.642033849486 6.9829812815041 0.0
476 77.89106946889 4.5937416705612 0.0
477 80.197946083987 2.2775221573922 0.0
478 43.736542756281 37.897854082633 0.0
479 45.984859571623 37.241942290522 0.0
480 48.303178493429 34.935350196928 0.0
481 53.925186864092 29.092067627843 0.0
482 73.50110219616 9.4936369108559 0.0
483 69.364336073313 12.95613994725 0.0
484 62.931866104478 20.700190295351 0.0
485 65.261530797767 18.272821507207 0.0
486 60.632948509636 23.118771068333 0.0
487 67.6550094176 15.79237036612 0.0
488 58.400212181997 25.582573618567 0.0
489 71.529994076532 12.094356163038 0.0
490 56.353333297552 28.275597428276 0.0
491 75.912707363752 9.2960694206691 0.0
492 78.11266197561 6.8852980727909 0.0
493 80.40806129057 4.551538738902 0.0
494 82.705092983049 2.2595090751176 0.0
495 48.063573453935 37.457344867805 0.0
496 73.830375529105 11.756684355596 0.0
497 71.988233286473 13.980373387153 0.0
498 65.633502820108 20.671751828411 0.0
499 63.324559296444 23.054319335244 0.0
500 68.018847608803 18.271596397822 0.0
501 61.071370164745 25.416386608582 0.0
502 70.441682550522 15.70549432783 0.0
503 58.924047682651 27.834642951677 0.0
504 76.169043452934 11.605199439356 0.0
505 78.349728512677 9.1797019616673 0.0
506 80.627893983388 6.8247639947134 0.0
507 82.91855369538 4.5166293199798 0.0
508 85.21407275645 2.2435376790202 0.0
509 73.963619184868 14.049213510073 0.0
510 65.996560093633 23.036917010959 0.0
511 68.338083180191 20.671784869007 0.0
512 63.724179457653 25.369742052739 0.0
513 70.741155480635 18.284580707676 0.0
514 61.53887862326 27.705736197077 0.0
515 73.468423790532 16.26698213732 0.0
516 76.279372438851 13.926495680558 0.0
517 78.574152166282 11.481002969861 0.0
518 80.855066692736 9.1003243900205 0.0
519 83.138956599582 6.7744169853488 0.0
520 85.432012054505 4.4863722689337 0.0
521 87.710825012345 2.2372376131539 0.0
522 68.661104754268 23.034692064641 0.0
523 66.356101045857 25.359470817393 0.0
524 71.028469328652 20.692253237637 0.0
525 64.134918237194 27.682548982755 0.0
526 73.494632340056 18.458814380634 0.0
527 76.185882366515 16.214543108079 0.0
528 78.729323608775 13.78928649759 0.0
529 81.074595585005 11.385124731201 0.0
530 83.368027010086 9.0339306061061 0.0
531 85.657179490218 6.7302440031994 0.0
532 87.918356739854 4.4744479797254 0.0
533 90.201968331094 2.2496450355841 0.0
534 68.978978821208 25.358115542747 0.0
535 71.315878525237 23.040672794563 0.0
536 66.718448955078 27.678675704023 0.0
537 73.728765613244 20.743671158922 0.0
538 76.236330868438 18.469385222211 0.0
539 78.810490110177 16.090046394134 0.0
540 81.262087076378 13.675665128801 0.0
541 83.601274410195 11.303505829569 0.0
542 85.89597978533 8.9761378445778 0.0
543 88.134573749337 6.7079396661965 0.0
544 90.393427217439 4.496989579855 0.0
545 92.674876307491 2.2829896333191 0.0
546 71.594301929295 25.359817165216 0.0
547 69.296550474275 27.677847505821 0.0
548 73.969442134454 23.049740748424 0.0
549 76.40834320009 20.739315222501 0.0
550 78.918551842002 18.380257521953 0.0
551 81.414384104144 15.976051349359 0.0
552 83.824564123841 13.57978705534 0.0
553 86.147494171734 11.233278929965 0.0
554 88.371660310174 8.9417541022327 0.0
555 90.594978319738 6.7272703816623 0.0
556 92.834603209856 4.5605839148445 0.0
557 95.136477834197 2.3361279552009 0.0
558 71.870512266422 27.677392664725 0.0
559 74.20696456279 25.35994840101 0.0
560 76.608181348515 23.03660363934 0.0
561 79.068569383289 20.681229290527 0.0
562 81.554852269618 18.281175376889 0.0
563 84.021429322664 15.876869038473 0.0
564 86.401162477496 13.498838922569 0.0
565 88.633139125598 11.1862944344 0.0
566 90.817728117327 8.9469689324056 0.0
567 93.005710291891 6.8066552894335 0.0
568 95.257140423074 4.6705984299052 0.0
569 97.578932522147 2.4054050995334 0.0
570 74.443243761632 27.675876356347 0.0
571 76.80995129052 25.349455222667 0.0
572 79.235029642505 22.995680898785 0.0
573 81.697266139793 20.604697921456 0.0
574 84.181150118686 18.187731109952 0.0
575 86.631163835342 15.791193745912 0.0
576 88.926392856033 13.442548851373 0.0
577 91.061499240686 11.17250859052 0.0
578 93.19508951359 9.0169625688885 0.0
579 95.392479068209 6.9807181495259 0.0
580 97.642800612737 4.8187940827293 0.0
581 77.01173722646 27.670248454329 0.0
582 79.405874870557 25.323486400378 0.0
583 81.842490725718 22.939453749901 0.0
584 84.316583616349 20.526391442516 0.0
585 86.802118985891 18.101896873318 0.0
586 89.223034698023 15.725436455258 0.0
587 91.388887584213 13.417673747802 0.0
588 93.360735419818 11.18436851445 0.0
589 95.54642286097 9.2526134365512 0.0
590 97.716836971138 7.2356637659877 0.0
591 79.577023934112 27.657761928576 0.0
592 81.989566520273 25.286924211243 0.0
593 84.443129608404 22.878555754452 0.0
594 86.928303482764 20.450437582793 0.0
595 89.421921444974 18.026621530907 0.0
596 91.824936248635 15.678812321054 0.0
597 93.660893963961 13.399270492084 0.0
598 95.659025913305 11.415932620095 0.0
599 97.804676382223 9.6829348293966 0.0
600 95.555082968265 13.254515704115 0.0
601 82.135982781406 27.639882590579 0.0
602 84.568411982221 25.246209289326 0.0
603 87.037005145535 22.817220192227 0.0
604 89.54096431871 20.378131515205 0.0
605 92.062893871593 17.954830346608 0.0
606 94.465120522341 15.587988807182 0.0
607 97.844594641892 12.236554408151 0.0
608 84.692032700366 27.619538877385 0.0
609 87.142282055677 25.204420638298 0.0
610 89.631064789845 22.756454999741 0.0
611 92.161546322656 20.302573377271 0.0
612 94.726775592031 17.818348557356 0.0
613 97.279902684548 14.971148345129 0.0
614 87.245266457116 27.598278662554 0.0
615 89.715887305159 25.162438557466 0.0
616 92.226496009934 22.694385647979 0.0
617 94.782626839218 20.201002278177 0.0
618 97.365460944672 17.568852017206 0.0
619 89.798183625778 27.576789157768 0.0
620 92.289402620106 25.119850057948 0.0
621 94.821977488807 22.626061570436 0.0
622 97.39685438824 20.074436823027 0.0
623 92.350779793794 27.555272559872 0.0
624 94.862550673313 25.075966325523 0.0
625 97.413979451557 22.554730926294 0.0
626 94.902838586626 27.534071947618 0.0
627 97.433441463249 25.033211513327 0.0
628 97.453113370936 27.514243261355 0.0
629 1.264518546e-15 42.49999998 0.0
630 1.180208275e-15 44.99999996 0.0
631 1.095911556e-15 47.49999994 0.0
632 1.011614837e-15 49.99999992 0.0
633 9.273045656e-16 52.4999999 0.0
634 8.430078467e-16 54.99999988 0.0
635 7.587111278e-16 57.49999986 0.0
636 6.744008563e-16 59.99999984 0.0
637 5.901041374e-16 62.49999982 0.0
638 5.058074185e-16 64.9999998 0.0
639 4.214971471e-16 67.49999978 0.0
640 3.372004282e-16 69.99999976 0.0
641 2.529037093e-16 72.49999974 0.0
642 1.685934378e-16 74.99999972 0.0
643 8.429671891e-17 77.4999997 0.0
644 0.0 79.99999968 0.0
645 2.4999999875 79.999999688 0.0
646 4.999999975 79.999999696 0.0
647 7.4999999625 79.999999704 0.0
648 9.99999995 79.999999712 0.0
649 12.4999999375 79.99999972 0.0
650 14.999999925 79.999999728 0.0
651 17.4999999125 79.999999736 0.0
652 19.9999999 79.999999744 0.0
653 22.4999998875 79.999999752 0.0
654 24.999999875 79.99999976 0.0
655 27.4999998625 79.999999768 0.0
656 29.99999985 79.999999776 0.0
657 32.4999998375 79.999999784 0.0
658 34.999999825 79.999999792 0.0
659 37.4999998125 79.9999998 0.0
660 39.9999998 79.999999808 0.0
661 42.4999997875 79.999999816 0.0
662 44.999999775 79.999999824 0.0
663 47.4999997625 79.999999832 0.0
664 49.99999975 79.99999984 0.0
665 52.4999997375 79.999999848 0.0
666 54.999999725 79.999999856 0.0
667 57.4999997125 79.999999864 0.0
668 59.9999997 79.999999872 0.0
669 62.4999996875 79.99999988 0.0
670 64.999999675 79.999999888 0.0
671 67.4999996625 79.999999896 0.0
672 69.99999965 79.999999904 0.0
673 72.4999996375 79.999999912 0.0
674 74.999999625 79.99999992 0.0
675 77.4999996125 79.999999928 0.0
676 79.9999996 79.999999936 0.0
677 82.4999995875 79.999999944 0.0
678 84.999999575 79.999999952 0.0
679 87.4999995625 79.99999996 0.0
680 89.99999955 79.999999968 0.0
681 92.4999995375 79.999999976 0.0
682 94.999999525 79.999999984 0.0
683 97.4999995125 79.999999992 0.0
684 99.9999995 80.0 0.0
685 99.999999541667 77.500000015 0.0
686 99.999999583333 75.00000003 0.0
687 99.999999625 72.500000045 0.0
688 99.999999666667 70.00000006 0.0
689 99.999999708333 67.500000075 0.0
690 99.99999975 65.00000009 0.0
691 99.999999791667 62.500000105 0.0
692 99.999999833333 60.00000012 0.0
693 99.999999875 57.500000135 0.0
694 99.999999916667 55.00000015 0.0
695 99.999999958333 52.500000165 0.0
696 100.0 50.00000018 0.0
697 97.46783805471 50.000000168605 0.0
698 94.93567610942 50.00000015721 0.0
699 92.403514164129 50.000000145816 0.0
700 89.871352218839 50.000000134421 0.0
701 87.339190273549 50.000000123026 0.0
702 84.807028328258 50.000000111632 0.0
703 82.274866382968 50.000000100237 0.0
704 79.742704437678 50.000000088842 0.0
705 77.210542492388 50.000000077447 0.0
706 74.678380547098 50.000000066053 0.0
707 72.146218601807 50.000000054658 0.0
708 69.614056656517 50.000000043263 0.0
709 67.081894711227 50.000000031868 0.0
710 64.549732765937 50.000000020474 0.0
711 62.017570820646 50.000000009079 0.0
712 59.485767869239 49.986341101653 0.0
713 57.000531495919 49.538439028214 0.0
714 54.706345518258 48.483113394528 0.0
715 52.749968782735 46.886309855662 0.0
716 51.255925221516 44.85038466182 0.0
717 50.319310675956 42.505158165409 0.0
718 2.5000002921043 42.499999858079 0.0
719 5.0000005736567 42.499999770476 0.0
720 2.5000005089922 44.999999707569 0.0
721 7.5000003168931 42.499999780678 0.0
722 5.0000008851669 44.999999642482 0.0
723 2.5000006146376 47.499999696447 0.0
724 10.000000199384 42.499999790881 0.0
725 7.5000006128539 44.999999626181 0.0
726 5.0000010649948 47.499999650291 0.0
727 2.5000006888202 49.999999690568 0.0
728 12.5000001448 42.499999790596 0.0
729 10.00000039881 44.999999625611 0.0
730 7.5000008249141 47.499999638949 0.0
731 5.00000121336 49.999999647612 0.0
732 2.5000007143508 52.49999968469 0.0
733 15.000000105947 42.499999792933 0.0
734 12.500000289642 44.999999625041 0.0
735 10.000000598237 47.499999627606 0.0
736 7.500000995024 49.999999641228 0.0
737 5.0000012644213 52.499999644933 0.0
738 2.5000007293939 54.999999684055 0.0
739 17.500000070445 42.49999979527 0.0
740 15.000000211937 44.999999627093 0.0
741 12.500000434485 47.499999626751 0.0
742 10.000000776688 49.999999634845 0.0
743 7.5000010611284 52.499999643508 0.0
744 5.0000012945075 54.999999647498 0.0
745 2.500000744437 57.49999968342 0.0
746 20.000000050675 42.499999794985 0.0
747 17.500000140933 44.999999629145 0.0
748 15.000000317927 47.499999628518 0.0
749 12.50000056884 49.999999633705 0.0
750 10.000000857836 52.499999642083 0.0
751 7.5000011062577 54.999999645788 0.0
752 5.0000013245937 57.499999650063 0.0
753 2.5000007546772 59.999999680187 0.0
754 22.500000030904 42.4999997947 0.0
755 20.000000101392 44.999999628575 0.0
756 17.500000211421 47.499999630285 0.0
757 15.000000418673 49.999999632565 0.0
758 12.500000654543 52.499999640658 0.0
759 10.000000918008 54.999999644078 0.0
760 7.5000011513869 57.499999648068 0.0
761 5.0000013451099 59.999999649815 0.0
762 2.500000742803 62.499999676908 0.0
763 24.989428895332 42.500078991161 0.0
764 22.500000061851 44.999999628005 0.0
765 20.00000015211 47.49999962943 0.0
766 17.500000281909 49.999999631425 0.0
767 15.000000498444 52.499999636612 0.0
768 12.500000729758 54.999999642368 0.0
769 10.00000097818 57.499999646073 0.0
770 7.5000011821792 59.99999964732 0.0
771 5.0000013213971 62.499999649476 0.0
772 2.5000007261974 64.999999675798 0.0
773 27.474814105553 42.51463779307 0.0
774 24.972568433112 45.001546526313 0.0
775 22.500000092799 47.499999628575 0.0
776 20.000000202828 49.999999630285 0.0
777 17.500000352397 52.499999632565 0.0
778 15.000000572971 54.999999638036 0.0
779 12.500000804974 57.499999644078 0.0
780 10.000001019248 59.999999644826 0.0
781 7.5000011466279 62.499999646436 0.0
782 5.000001288186 64.99999965109 0.0
783 2.5000007095918 67.499999674688 0.0
784 27.432647334421 45.032092187524 0.0
785 24.952771274117 47.504305063754 0.0
786 22.500000123746 49.999999629145 0.0
787 20.000000253545 52.49999963114 0.0
788 17.500000422886 54.999999633705 0.0
789 15.000000647498 57.499999639462 0.0
790 12.500000856318 59.999999642332 0.0
791 10.000000971859 62.499999643396 0.0
792 7.5000010968111 64.999999647291 0.0
793 5.0000012549748 67.499999652705 0.0
794 2.5000006823412 69.99999966739 0.0
795 29.962053738895 42.556445171788 0.0
796 29.881495677145 45.107458476357 0.0
797 27.383608285934 47.553832890115 0.0
798 24.936059891554 50.007537390454 0.0
799 22.500000154693 52.499999629715 0.0
800 20.000000304263 54.999999631995 0.0
801 17.500000493374 57.499999634845 0.0
802 15.00000069867 59.999999639916 0.0
803 12.500000797089 62.499999640356 0.0
804 10.000000905436 64.999999643491 0.0
805 7.5000010469944 67.499999648146 0.0
806 5.0000012006311 69.999999647188 0.0
807 2.5000006064387 72.499999659891 0.0
808 32.451278455793 42.609745199744 0.0
809 29.770401845877 47.660856123918 0.0
810 32.333170054962 45.200301166194 0.0
811 27.344264255084 50.073503072571 0.0
812 24.928163068762 52.511096635884 0.0
813 22.50000018564 54.999999630285 0.0
814 20.00000035498 57.49999963285 0.0
815 17.500000541023 59.999999637815 0.0
816 15.00000063813 62.499999640096 0.0
817 12.500000714062 64.999999639691 0.0
818 10.000000839014 67.499999643586 0.0
819 7.5000009762025 69.999999646482 0.0
820 5.0000010489835 72.499999641268 0.0
821 2.5000004989161 74.999999644315 0.0
822 34.996530142298 42.655482919804 0.0
823 29.680390906079 50.204401183305 0.0
824 32.12800706947 47.793489354569 0.0
825 27.327875617692 52.59191132542 0.0
826 24.928507097343 55.012851614131 0.0
827 22.500000216587 57.499999630855 0.0
828 20.000000388579 59.999999635792 0.0
829 17.500000482522 62.499999640565 0.0
830 15.000000554228 64.999999638828 0.0
831 12.500000631034 67.499999639026 0.0
832 7.5000008014051 72.499999644215 0.0
833 10.000000751774 69.999999647036 0.0
834 5.0000008661881 74.999999641114 0.0
835 2.5000002965809 77.499999643284 0.0
836 34.895054182446 45.283487519951 0.0
837 37.548847872375 42.609639657564 0.0
838 31.979600894304 50.373327319458 0.0
839 29.644933958598 52.74197315278 0.0
840 34.493132339058 47.913978336743 0.0
841 27.330815969716 55.098887631396 0.0
842 40.106338103864 42.316062339804 0.0
843 24.933227348913 57.51341342814 0.0
844 22.500000236136 59.99999963377 0.0
845 20.000000342566 62.49999963857 0.0
846 17.500000401096 64.999999639425 0.0
847 5.0000005532571 77.499999699624 0.0
848 15.000000470326 67.49999963756 0.0
849 7.5000005849722 74.999999649288 0.0
850 12.500000537675 69.999999642661 0.0
851 10.00000056723 72.499999650084 0.0
852 37.637382502445 45.279156866537 0.0
853 42.37035231853 41.905299953379 0.0
854 34.259915373241 50.568480166642 0.0
855 31.934310748072 52.940107942776 0.0
856 29.652471705992 55.252205369405 0.0
857 27.342958332974 57.59928339644 0.0
858 40.841873105106 44.345376395901 0.0
859 24.939683532736 60.012719271873 0.0
860 22.500000202611 62.499999636575 0.0
861 7.5000002852411 77.499999687871 0.0
862 20.000000279349 64.999999637715 0.0
863 15.00000038126 69.999999638758 0.0
864 17.500000319671 67.499999638285 0.0
865 10.000000361554 74.999999645999 0.0
866 12.500000395665 72.499999646094 0.0
867 36.716910159908 48.19477376786 0.0
868 39.225916487778 46.942667276035 0.0
869 34.212721131191 53.166957612197 0.0
870 36.538254819749 50.874787915271 0.0
871 31.955769005121 55.454910431024 0.0
872 29.678953594588 57.74861920872 0.0
873 38.933576538764 48.978578003828 0.0
874 27.358510023502 60.092208177523 0.0
875 41.118647618102 46.489743878775 0.0
876 24.946638192314 62.51170465408 0.0
877 10.000000156479 77.499999679039 0.0
878 22.500000157601 64.999999636005 0.0
879 20.000000216132 67.49999963686 0.0
880 15.000000271217 72.499999639954 0.0
881 17.500000238246 69.999999637145 0.0
882 12.50000024301 74.999999643339 0.0
883 44.531310335368 43.488498953644 0.0
884 43.015562878785 46.076287108897 0.0
885 34.254095211962 55.681889418879 0.0
886 36.508528635902 53.441956613154 0.0
887 32.00297424699 57.945051322427 0.0
888 38.915791787176 51.302361572725 0.0
889 29.711508625864 60.228512792146 0.0
890 27.374987293506 62.583269325495 0.0
891 41.269361577506 48.915434111061 0.0
892 24.953739937406 65.010455375589 0.0
893 12.500000090958 77.499999681324 0.0
894 22.500000112591 67.499999635435 0.0
895 15.000000155851 74.999999638372 0.0
896 20.000000152915 69.999999636006 0.0
897 17.50000015682 72.499999636005 0.0
898 47.546923568134 42.849901298368 0.0
899 43.588700155577 47.966202238208 0.0
900 34.327744858553 58.161748855016 0.0
901 36.578898948254 55.927888565379 0.0
902 32.056257933247 60.406580915577 0.0
903 38.835571497855 53.729550591835 0.0
904 29.745565186868 62.704629249192 0.0
905 27.391764663881 65.072981865116 0.0
906 41.551441792398 51.33439030068 0.0
907 24.960843861773 67.509177450842 0.0
908 15.000000041089 77.499999681144 0.0
909 17.500000075394 74.999999634866 0.0
910 22.500000067582 69.999999634866 0.0
911 20.000000089696 72.49999963515 0.0
912 45.799032696745 46.379277593761 0.0
913 44.154555277248 50.094684481216 0.0
914 48.21792166506 45.44023451083 0.0
915 36.691332061907 58.387702363959 0.0
916 34.404368721882 60.600878090576 0.0
917 32.109946368065 62.862276290555 0.0
918 38.934203842397 56.181548243436 0.0
919 29.78004834481 65.177709958582 0.0
920 27.408542683639 67.562622555645 0.0
921 41.157013580631 54.014355830686 0.0
922 24.967942413825 70.007859460043 0.0
923 17.499999994571 77.499999681695 0.0
924 20.000000026478 74.999999634296 0.0
925 22.500000022572 72.499999634296 0.0
926 43.441232647882 52.685685811696 0.0
927 46.491647277044 49.06612083061 0.0
928 48.564755963884 48.194848681464 0.0
929 45.297302317793 52.135039333706 0.0
930 43.578581335963 54.549144958514 0.0
931 50.324601945404 47.305192891533 0.0
932 36.796424886055 60.798383017786 0.0
933 34.478217491602 63.03311480682 0.0
934 32.163487190959 65.312916055918 0.0
935 39.102366717896 58.609283184276 0.0
936 29.814531314427 67.650694028525 0.0
937 27.425309574852 70.052128064038 0.0
938 41.383186543198 56.441831252831 0.0
939 19.999999963863 77.499999685025 0.0
940 24.975021951383 72.506485847793 0.0
941 22.499999977562 74.999999633726 0.0
942 47.489021995396 51.514347457928 0.0
943 49.806332876903 50.833706733036 0.0
944 51.411428592212 48.674738958614 0.0
945 45.981590043028 54.399158944026 0.0
946 36.888350470488 63.203804627488 0.0
947 34.550613209545 65.458629098245 0.0
948 39.236978958511 60.983609619265 0.0
949 32.21687040545 67.763583679933 0.0
950 29.849003618602 70.123467428507 0.0
951 27.442047874327 72.541387573668 0.0
952 41.630737512925 58.80509833176 0.0
953 24.982113206165 75.005005808528 0.0
954 22.499999933155 77.499999688355 0.0
955 43.929489427455 56.680753719981 0.0
956 48.268759731701 53.995975388657 0.0
957 36.97442695887 65.602567013092 0.0
958 34.622588282282 67.884631609439 0.0
959 39.342026980178 63.359223341541 0.0
960 32.270232193984 70.214084324134 0.0
961 29.883456502187 72.595814088266 0.0
962 27.458847644627 75.029992605058 0.0
963 41.797553806741 61.133305589829 0.0
964 24.989675670979 77.50338557092 0.0
965 52.428833655464 51.546714244299 0.0
966 46.531241018437 56.65656584974 0.0
967 44.247379016161 58.93181866717 0.0
968 50.387599762185 53.636811369542 0.0
969 52.779122226579 49.660459003884 0.0
970 37.05914353116 68.003217572921 0.0
971 34.694534272479 70.310662840941 0.0
972 39.435464982206 65.731678032224 0.0
973 32.32360689436 72.664117399531 0.0
974 29.918117574496 75.067002229404 0.0
975 27.476616800691 77.517111198064 0.0
976 41.905462058982 63.478715579974 0.0
977 44.436393083009 61.220986447833 0.0
978 49.125337491607 56.463857597969 0.0
979 46.968223802361 58.93724385006 0.0
980 54.708922435595 51.889240971359 0.0
981 52.327964548248 53.404855891378 0.0
982 37.143809043836 70.404393872956 0.0
983 34.766549479389 72.7363296914 0.0
984 39.526722998128 68.108712014113 0.0
985 32.377338253211 75.112777529163 0.0
986 29.954774021776 77.535829639485 0.0
987 41.991136060391 65.829352821573 0.0
988 51.731041383643 56.188016090523 0.0
989 44.535337292066 63.546439209487 0.0
990 47.190685445828 61.248459492458 0.0
991 49.734971507062 58.834912732739 0.0
992 56.913444930882 52.06735482898 0.0
993 54.282993734922 55.175874061156 0.0
994 37.228651579551 72.805509640803 0.0
995 39.618089369095 70.48695806435 0.0
996 34.839065428578 75.160682072561 0.0
997 32.433651529006 77.558747645928 0.0
998 42.073148610611 68.187745889229 0.0
999 44.602424801455 65.886359768189 0.0
1000 47.270447112255 63.576507456598 0.0
1001 49.988576459692 61.21856012862 0.0
1002 59.373734343564 52.223186840638 0.0
1003 56.819569700962 54.53122232964 0.0
1004 52.544786183312 58.596527431863 0.0
1005 37.314135607697 75.205738547263 0.0
1006 39.709828016392 72.865516117802 0.0
1007 34.914445365509 77.58248559239 0.0
1008 42.155573726956 70.54796032454 0.0
1009 44.665536935753 68.2340060453 0.0
1010 47.303347481968 65.919895522638 0.0
1011 59.336541646997 54.500065609491 0.0
1012 50.039282220397 63.579064739055 0.0
1013 57.140503120544 56.573542603358 0.0
1014 61.890125905114 52.285128727675 0.0
1015 52.804569736901 61.122934205808 0.0
1016 39.802362731144 75.243927258196 0.0
1017 37.402479334252 77.604173138718 0.0
1018 42.238661205118 72.908716584539 0.0
1019 55.398131503312 58.283202225827 0.0
1020 44.729729647819 70.583510001123 0.0
1021 47.332093372681 68.262687422091 0.0
1022 59.218078848502 56.843902671048 0.0
1023 50.0329550315 65.943846868456 0.0
1024 61.782294245207 54.586391481404 0.0
1025 52.819893783162 63.565039969966 0.0
1026 64.409358363515 52.302657025826 0.0
1027 55.57935326514 61.080534393973 0.0
1028 39.897558308727 77.622015704128 0.0
1029 42.322625321538 75.270348029804 0.0
1030 44.794964346538 72.933095268816 0.0
1031 47.362922096295 70.606552448011 0.0
1032 58.502137402823 59.085813683061 0.0
1033 50.022869642436 68.287119049016 0.0
1034 61.610034384654 56.914863243752 0.0
1035 52.775678541722 65.966295149909 0.0
1036 64.269115943072 54.612145184416 0.0
1037 66.929002134246 52.307582446742 0.0
1038 55.566444444805 63.591084298751 0.0
1039 42.408838782231 77.633586924178 0.0
1040 44.86103808241 75.284417015076 0.0
1041 58.318584703113 61.351184075893 0.0
1042 47.395323312065 72.948866024748 0.0
1043 61.270119334115 59.217692700228 0.0
1044 50.015501676566 70.6283076721 0.0
1045 64.100393311561 56.929810314076 0.0
1046 52.725902386849 68.314295840196 0.0
1047 66.774362186752 54.617572073706 0.0
1048 55.497935824418 66.003188168884 0.0
1049 69.457105545165 52.308485531826 0.0
1050 58.265348162062 63.70843271467 0.0
1051 44.9289020761 77.639117112799 0.0
1052 47.428423101148 75.293447981396 0.0
1053 61.05980007269 61.506376570646 0.0
1054 50.010017277735 72.964645470583 0.0
1055 63.884256018352 59.240147203433 0.0
1056 52.678257243676 70.653459963598 0.0
1057 66.611609276828 56.929474621576 0.0
1058 55.414929264396 68.349478590141 0.0
1059 69.298630923401 54.617596814787 0.0
1060 71.988731673683 52.308935429516 0.0
1061 58.169924197307 66.06513585873 0.0
1062 60.934734012773 63.805361840376 0.0
1063 47.462860042718 77.642652884654 0.0
1064 63.696245760921 61.542244455065 0.0
1065 50.005022565071 75.303380614424 0.0
1066 52.632173708338 72.983980843078 0.0
1067 66.437787942984 59.239639183175 0.0
1068 69.137025345548 56.927030538309 0.0
1069 55.33060391865 70.683224799612 0.0
1070 71.828827525885 54.617163231867 0.0
1071 58.060358916747 68.394253780966 0.0
1072 74.531014012064 52.311048925843 0.0
1073 60.810371160017 66.122565013303 0.0
1074 63.540921902918 63.845003072732 0.0
1075 50.001035576817 77.64712745588 0.0
1076 66.269095567358 61.546892060086 0.0
1077 52.58639416554 75.316648949273 0.0
1078 68.97171214289 59.236252132738 0.0
1079 55.246535882848 73.007566009567 0.0
1080 71.665849149152 56.925026541627 0.0
1081 57.947749695953 70.717655660312 0.0
1082 74.376652021067 54.618898051962 0.0
1083 60.677295454943 68.43672171562 0.0
1084 77.082167730926 52.318547013967 0.0
1085 63.393389965281 66.152440561527 0.0
1086 66.108878832766 63.853689045553 0.0
1087 52.541433193441 77.654039956728 0.0
1088 68.805722112982 61.544714493058 0.0
1089 55.16256321646 75.333462095235 0.0
1090 71.49959730701 59.233024666745 0.0
1091 57.834570054663 73.035147219836 0.0
1092 74.213537570864 56.924605811703 0.0
1093 60.54171214731 70.74996559309 0.0
1094 76.938798136023 54.629340173479 0.0
1095 63.245139627105 68.460788030986 0.0
1096 79.64971914035 52.339305531011 0.0
1097 65.951317029336 66.160850515851 0.0
1098 68.641162967599 63.852862446373 0.0
1099 55.07924615685 77.663105691653 0.0
1100 71.331417654178 61.541210422325 0.0
1101 57.721366777677 75.353387131737 0.0
1102 74.039772519669 59.229950057509 0.0
1103 60.405492939757 73.060913635024 0.0
1104 76.778955576241 56.932227550658 0.0
1105 63.096156938602 70.768751524853 0.0
1106 79.531723583342 54.663770131976 0.0
1107 65.793472637041 68.468041300411 0.0
1108 82.223988149964 52.380520393501 0.0
1109 68.477958048385 66.160498270894 0.0
1110 71.163035905693 63.849708336768 0.0
1111 57.608673379752 77.674057891998 0.0
1112 73.85796612109 61.536072455522 0.0
1113 60.269146408253 75.371964101664 0.0
1114 76.597100533234 59.231258879815 0.0
1115 62.946885427825 73.075956646311 0.0
1116 79.387662889777 56.966696824119 0.0
1117 65.635202766061 70.774593487699 0.0
1118 68.315366722174 68.467820850471 0.0
1119 82.141635536008 54.738955529856 0.0
1120 70.995723659454 66.157963434186 0.0
1121 84.799109240273 52.439681097499 0.0
1122 73.674692434471 63.844234880687 0.0
1123 60.13307227768 77.684278901838 0.0
1124 76.393106951726 61.529663869167 0.0
1125 62.797433345896 75.382951007785 0.0
1126 79.201859158251 59.253500353956 0.0
1127 65.476654684232 73.080754806712 0.0
1128 68.152881529465 70.774441072142 0.0
1129 82.031270684367 57.059092183282 0.0
1130 70.829799457009 68.465853299734 0.0
1131 84.760198806891 54.858204595061 0.0
1132 73.49767994188 66.153664852238 0.0
1133 87.363356970998 52.503248679426 0.0
1134 76.180441224389 63.834189557605 0.0
1135 62.648001672904 77.690466487883 0.0
1136 78.955850933171 61.530093967908 0.0
1137 65.317843327561 75.386648755731 0.0
1138 81.867739954336 59.335805386314 0.0
1139 67.99020223414 73.080740496627 0.0
1140 70.66455296813 70.772993154019 0.0
1141 73.328608766314 68.462805658256 0.0
1142 84.6951361606 57.240908434516 0.0
1143 75.987515911243 66.144594832844 0.0
1144 87.363414424619 54.995404934202 0.0
1145 89.907470030782 52.544798438924 0.0
1146 78.670542357381 63.820081671783 0.0
1147 65.158814249402 77.692796308345 0.0
1148 81.572584143266 61.57011223795 0.0
1149 67.827194154677 75.38681861878 0.0
1150 70.499202331364 73.079734692056 0.0
1151 84.594851600066 59.574859202378 0.0
1152 73.163510742655 70.771001912957 0.0
1153 75.817057243164 68.455131162059 0.0
1154 78.446378569941 66.127302758472 0.0
1155 87.341794872379 57.481868161793 0.0
1156 81.126043300195 63.820680951894 0.0
1157 92.440458979342 52.551258962088 0.0
1158 89.930648681048 55.085420892557 0.0
1159 67.663777396706 77.693095704493 0.0
1160 84.294569125135 61.759960714946 0.0
1161 70.333403789608 75.386267440298 0.0
1162 72.998924760738 73.078408026864 0.0
1163 75.655353611906 70.764971803611 0.0
1164 78.280054730357 68.435726350931 0.0
1165 80.865392777415 66.111853781219 0.0
1166 87.288098759459 59.987567493758 0.0
1167 83.463609614817 63.89549561892 0.0
1168 94.961045912487 52.535343128634 0.0
1169 92.475977339791 55.101805643577 0.0
1170 70.167007325523 77.69295116169 0.0
1171 89.935690885886 57.627193122702 0.0
1172 72.833641715661 75.385605406988 0.0
1173 75.494137491207 73.073616968569 0.0
1174 78.128753743312 70.746272313729 0.0
1175 80.725117980918 68.404915346688 0.0
1176 83.229039309245 66.136643194636 0.0
1177 87.228983302475 62.604651524752 0.0
1178 85.440522118957 64.1655166313 0.0
1179 97.481269085836 52.514429433846 0.0
1180 94.991094490893 55.072269387229 0.0
1181 92.502501636597 57.651699576478 0.0
1182 72.667374345184 77.692760117311 0.0
1183 89.922046696821 60.16257630377 0.0
1184 75.331404330876 75.382701410923 0.0
1185 77.97636223494 73.057135450646 0.0
1186 80.592957236119 70.708042635395 0.0
1187 83.158309798306 68.361551601186 0.0
1188 85.618094436606 66.03047905491 0.0
1189 97.499565428994 55.031615758643 0.0
1190 95.018731779217 57.60947732459 0.0
1191 75.166957417377 77.691450758467 0.0
1192 92.527227902065 60.18364985681 0.0
1193 77.82100400038 75.371634977264 0.0
1194 89.982272332283 62.699532644794 0.0
1195 80.451812995078 73.021748629287 0.0
1196 83.043610353717 70.647311412982 0.0
1197 85.589925663863 68.227527185031 0.0
1198 87.945163290424 65.382333108159 0.0
1199 97.518274709662 57.55011604199 0.0
1200 95.048090408814 60.135991137808 0.0
1201 77.662985308467 77.686013515417 0.0
1202 92.59383932001 62.708651920523 0.0
1203 80.305929250174 75.347007498119 0.0
1204 82.913884049462 72.9691824155 0.0
1205 85.488962533948 70.543223494522 0.0
1206 90.263738236151 65.2324981077 0.0
1207 87.995984005044 67.946964781792 0.0
1208 97.538388637738 60.064911704046 0.0
1209 80.156678501003 77.673728891414 0.0
1210 95.09419161483 62.657051676352 0.0
1211 82.780676978895 75.310896059933 0.0
1212 85.369711050793 72.900684518177 0.0
1213 92.715906732743 65.219583426932 0.0
1214 87.916987394781 70.399064940569 0.0
1215 90.368766368184 67.802760665864 0.0
1216 97.56231366187 62.577974022428 0.0
1217 82.644658255496 77.656079524279 0.0
1218 85.250461324252 75.267673369664 0.0
1219 95.151649242314 65.164588052263 0.0
1220 87.814865013459 72.822784532382 0.0
1221 92.768431116958 67.73956965502 0.0
1222 90.328934473778 70.29523600795 0.0
1223 85.129608475278 77.635998409279 0.0
1224 97.584736327363 65.084956646696 0.0
1225 87.713777876136 75.221770907423 0.0
1226 95.177045028061 67.671688158433 0.0
1227 90.254447769834 72.753878900694 0.0
1228 92.744885987663 70.225688556033 0.0
1229 87.611357217763 77.615025211369 0.0
1230 97.592142655063 67.589685055054 0.0
1231 90.17479395484 75.177989050914 0.0
1232 95.163587312771 70.158267826582 0.0
1233 92.692993207977 72.693677330492 0.0
1234 90.092164009889 77.593829211587 0.0
1235 97.583913459563 70.083684804263 0.0
1236 92.634410838228 75.13659983462 0.0
1237 95.131346823851 72.634291687493 0.0
1238 92.57207398534 77.572568843526 0.0
1239 97.567895238237 72.571518805865 0.0
1240 95.092967393763 75.095443809749 0.0
1241 95.051084714925 77.55124106971 0.0
1242 97.548911490091 75.051932054313 0.0
1243 97.528108619038 77.528967090293 0.0
elements_list:
1 52 53 54 111
2 51 52 111 112
3 111 54 55 113
4 112 114 50 51
5 112 111 113 115
6 113 55 56 116
7 114 117 49 50
8 115 118 114 112
9 116 56 57 120
10 115 113 116 119
11 118 122 117 114
12 48 49 117 121
13 119 123 118 115
14 120 57 58 125
15 119 116 120 124
16 121 117 122 127
17 47 48 121 126
18 123 128 122 118
19 124 129 123 119
20 125 58 59 131
21 124 120 125 130
22 126 121 127 133
23 46 47 126 132
24 127 122 128 134
25 129 135 128 123
26 131 59 60 138
27 130 136 129 124
28 130 125 131 137
29 132 126 133 140
30 133 127 134 141
31 132 139 45 46
32 134 128 135 142
33 136 143 135 129
34 138 60 61 146
35 137 144 136 130
36 137 131 138 145
37 140 148 139 132
38 140 133 141 149
39 139 147 44 45
40 141 134 142 150
41 142 135 143 151
42 144 152 143 136
43 146 61 62 155
44 145 153 144 137
45 145 138 146 154
46 148 157 147 139
47 149 158 148 140
48 149 141 150 159
49 43 44 147 156
50 150 142 151 160
51 151 143 152 161
52 155 62 63 165
53 153 162 152 144
54 154 163 153 145
55 154 146 155 164
56 166 42 43 156
57 156 147 157 167
58 158 168 157 148
59 159 169 158 149
60 159 150 160 170
61 160 151 161 171
62 161 152 162 172
63 165 63 64 176
64 163 173 162 153
65 164 174 163 154
66 164 155 165 175
67 177 166 156 167
68 178 41 42 166
69 167 157 168 179
70 169 180 168 158
71 170 181 169 159
72 170 160 171 182
73 171 161 172 183
74 172 162 173 184
75 176 64 65 188
76 174 185 173 163
77 175 186 174 164
78 175 165 176 187
79 189 178 166 177
80 190 177 167 179
81 191 40 41 178
82 179 168 180 192
83 181 193 180 169
84 182 194 181 170
85 182 171 183 195
86 183 172 184 196
87 184 173 185 197
88 188 65 66 201
89 186 198 185 174
90 187 199 186 175
91 187 176 188 200
92 202 189 177 190
93 203 191 178 189
94 204 190 179 192
95 205 39 40 191
96 192 180 193 206
97 194 207 193 181
98 195 208 194 182
99 195 183 196 209
100 196 184 197 210
101 197 185 198 211
102 201 66 67 215
103 199 212 198 186
104 200 214 199 187
105 200 188 201 213
106 216 203 189 202
107 217 202 190 204
108 218 205 191 203
109 219 38 39 205
110 220 204 192 206
111 206 193 207 221
112 208 222 207 194
113 209 223 208 195
114 209 196 210 224
115 210 197 211 226
116 211 198 212 225
117 215 67 68 230
118 214 228 212 199
119 213 229 214 200
120 213 201 215 227
121 231 216 202 217
122 232 218 203 216
123 233 219 205 218
124 234 217 204 220
125 235 220 206 221
126 236 37 38 219
127 221 207 222 237
128 223 238 222 208
129 224 240 223 209
130 224 210 226 241
131 226 211 225 243
132 230 68 69 70
133 225 212 228 242
134 227 244 229 213
135 229 245 228 214
136 227 215 230 239
137 246 232 216 231
138 247 233 218 232
139 248 231 217 234
140 249 234 220 235
141 251 236 219 233
142 250 235 221 237
143 237 222 238 252
144 240 254 238 223
145 241 255 240 224
146 239 253 244 227
147 241 226 243 258
148 243 225 242 259
149 242 228 245 256
150 244 257 245 229
151 239 230 70 71
152 260 36 37 236
153 261 247 232 246
154 262 246 231 248
155 263 248 234 249
156 264 249 235 250
157 266 251 233 247
158 265 250 237 252
159 252 238 254 267
160 255 269 254 240
161 253 268 257 244
162 71 72 253 239
163 258 271 255 241
164 259 242 256 272
165 256 245 257 270
166 258 243 259 273
167 274 260 236 251
168 275 35 36 260
169 276 261 246 262
170 277 262 248 263
171 278 263 249 264
172 279 264 250 265
173 281 266 247 261
174 267 280 265 252
175 267 254 269 282
176 270 257 268 283
177 271 284 269 255
178 272 256 270 285
179 273 287 271 258
180 273 259 272 286
181 72 73 268 253
182 288 274 251 266
183 289 34 35 275
184 290 275 260 274
185 291 276 262 277
186 292 277 263 278
187 293 278 264 279
188 294 281 261 276
189 280 295 279 265
190 282 296 280 267
191 282 269 284 297
192 285 270 283 298
193 287 300 284 271
194 286 272 285 299
195 286 301 287 273
196 283 268 73 74
197 302 288 266 281
198 303 33 34 289
199 304 290 274 288
200 305 289 275 290
201 306 291 277 292
202 307 292 278 293
203 308 294 276 291
204 295 309 293 279
205 296 310 295 280
206 297 311 296 282
207 312 302 281 294
208 297 284 300 313
209 299 285 298 314
210 301 315 300 287
211 299 316 301 286
212 298 283 74 75
213 32 33 303 317
214 318 304 288 302
215 319 303 289 305
216 320 305 290 304
217 321 306 292 307
218 322 308 291 306
219 309 323 307 293
220 324 312 294 308
221 310 325 309 295
222 311 326 310 296
223 313 327 311 297
224 313 300 315 329
225 314 328 316 299
226 316 330 315 301
227 314 298 75 76
228 31 32 317 332
229 331 318 302 312
230 317 303 319 333
231 334 320 304 318
232 335 319 305 320
233 336 322 306 321
234 323 338 321 307
235 337 324 308 322
236 325 339 323 309
237 326 341 325 310
238 340 331 312 324
239 327 342 326 311
240 329 344 327 313
241 329 315 330 345
242 328 346 330 316
243 76 77 328 314
244 332 347 30 31
245 343 334 318 331
246 332 317 333 348
247 333 319 335 351
248 354 335 320 334
249 349 337 322 336
250 321 338 355 336
251 353 340 324 337
252 339 356 338 323
253 350 343 331 340
254 341 357 339 325
255 342 358 341 326
256 344 359 342 327
257 345 360 344 329
258 345 330 346 361
259 77 78 346 328
260 347 363 29 30
261 334 343 352 354
262 348 366 347 332
263 348 333 351 367
264 364 353 337 349
265 350 362 352 343
266 351 335 354 369
267 336 355 368 349
268 365 350 340 353
269 338 356 370 355
270 357 372 356 339
271 358 373 357 341
272 359 374 358 342
273 360 375 359 344
274 361 376 360 345
275 361 346 78 79
276 371 354 352 362
277 28 29 363 378
278 377 362 350 365
279 366 380 363 347
280 379 365 353 364
281 366 348 367 382
282 349 368 381 364
283 367 351 369 384
284 355 370 383 368
285 369 354 371 385
286 356 372 386 370
287 373 387 372 357
288 374 388 373 358
289 375 390 374 359
290 375 360 376 391
291 79 80 376 361
292 389 371 362 377
293 27 28 378 392
294 393 377 365 379
295 378 363 380 395
296 364 381 394 379
297 380 366 382 397
298 368 383 396 381
299 384 398 382 367
300 384 369 385 400
301 370 386 399 383
302 372 387 401 386
303 385 371 389 403
304 388 402 387 373
305 390 404 388 374
306 390 375 391 405
307 391 376 80 81
308 26 27 392 407
309 406 389 377 393
310 379 394 408 393
311 392 378 395 409
312 381 396 410 394
313 395 380 397 411
314 383 399 412 396
315 398 413 397 382
316 400 418 398 384
317 386 401 414 399
318 400 385 403 419
319 401 387 402 416
320 404 415 402 388
321 405 417 404 390
322 405 391 81 82
323 403 389 406 421
324 407 420 25 26
325 393 408 422 406
326 407 392 409 423
327 394 410 424 408
328 409 395 411 425
329 396 412 426 410
330 411 397 413 429
331 399 414 428 412
332 418 434 413 398
333 400 419 427 418
334 414 401 416 433
335 416 402 415 431
336 417 430 415 404
337 82 83 417 405
338 24 25 420 432
339 419 403 421 436
340 421 406 422 438
341 423 435 420 407
342 408 424 439 422
343 423 409 425 440
344 410 426 441 424
345 425 411 429 443
346 412 428 442 426
347 83 84 430 417
348 431 415 430 447
349 23 24 432 444
350 428 414 437 445
351 433 416 431 449
352 429 413 434 450
353 433 446 437 414
354 434 418 427 453
355 432 420 435 448
356 436 453 427 419
357 436 421 438 452
358 440 451 435 423
359 438 422 439 454
360 424 441 455 439
361 440 425 443 457
362 426 442 456 441
363 442 428 445 458
364 22 23 444 460
365 447 430 84 85
366 444 432 448 459
367 449 431 447 461
368 465 446 433 449
369 443 429 450 466
370 446 462 445 437
371 448 435 451 464
372 450 434 453 470
373 453 436 452 468
374 452 438 454 469
375 454 439 455 471
376 457 472 451 440
377 441 456 474 455
378 445 462 467 458
379 467 473 442 458
380 460 444 459 476
381 21 22 460 477
382 461 447 85 86
383 459 448 464 475
384 457 443 466 483
385 480 462 446 465
386 449 461 478 463
387 479 465 449 463
388 473 481 456 442
389 472 482 464 451
390 466 450 470 487
391 468 452 469 484
392 470 453 468 485
393 469 454 471 486
394 471 455 474 488
395 483 489 472 457
396 481 490 474 456
397 476 459 475 492
398 477 460 476 493
399 477 494 20 21
400 467 462 480 91
401 87 478 461 86
402 478 87 479 463
403 475 464 482 491
404 495 480 465 479
405 483 466 487 502
406 91 92 473 467
407 489 496 482 472
408 485 468 484 498
409 484 469 486 499
410 487 470 485 500
411 486 471 488 501
412 92 93 481 473
413 488 474 490 503
414 492 475 491 505
415 493 476 492 506
416 493 507 494 477
417 19 20 494 508
418 479 87 88 495
419 483 502 497 489
420 93 94 490 481
421 491 482 496 504
422 90 91 480 495
423 509 496 489 497
424 498 484 499 510
425 500 485 498 511
426 499 486 501 512
427 502 487 500 513
428 501 488 503 514
429 503 490 94 95
430 505 491 504 517
431 506 492 505 518
432 506 519 507 493
433 508 494 507 520
434 18 19 508 521
435 515 509 497 502
436 495 88 89 90
437 504 496 509 516
438 511 498 510 522
439 510 499 512 523
440 513 500 511 524
441 512 501 514 525
442 515 502 513 526
443 514 503 95 96
444 516 509 515 527
445 517 504 516 528
446 518 505 517 529
447 519 506 518 530
448 520 507 519 531
449 521 508 520 532
450 17 18 521 533
451 522 510 523 534
452 524 511 522 535
453 523 512 525 536
454 526 513 524 537
455 525 514 96 97
456 527 515 526 538
457 528 516 527 539
458 529 517 528 540
459 530 518 529 541
460 531 519 530 542
461 532 520 531 543
462 533 521 532 544
463 16 17 533 545
464 535 522 534 546
465 534 523 536 547
466 537 524 535 548
467 536 525 97 98
468 538 526 537 549
469 539 527 538 550
470 540 528 539 551
471 541 529 540 552
472 542 530 541 553
473 543 531 542 554
474 544 532 543 555
475 545 533 544 556
476 545 557 15 16
477 546 534 547 558
478 548 535 546 559
479 547 536 98 99
480 549 537 548 560
481 550 538 549 561
482 551 539 550 562
483 552 540 551 563
484 553 541 552 564
485 554 542 553 565
486 555 543 554 566
487 556 544 555 567
488 556 568 557 545
489 14 15 557 569
490 559 546 558 570
491 558 547 99 100
492 560 548 559 571
493 561 549 560 572
494 562 550 561 573
495 562 574 563 551
496 564 552 563 575
497 565 553 564 576
498 566 554 565 577
499 567 555 566 578
500 567 579 568 556
501 13 14 569 12
502 569 557 568 580
503 570 558 100 101
504 571 559 570 581
505 572 560 571 582
506 573 561 572 583
507 573 584 574 562
508 575 563 574 585
509 576 564 575 586
510 577 565 576 587
511 578 566 577 588
512 578 589 579 567
513 580 568 579 590
514 12 569 580 11
515 581 570 101 102
516 582 571 581 591
517 583 572 582 592
518 583 593 584 573
519 585 574 584 594
520 586 575 585 595
521 587 576 586 596
522 588 577 587 597
523 588 598 589 578
524 589 599 590 579
525 11 580 590 10
526 591 581 102 103
527 592 582 591 601
528 592 602 593 583
529 588 597 600 598
530 594 584 593 603
531 595 585 594 604
532 596 586 595 605
533 597 587 596 606
534 598 607 599 589
535 10 590 599 9
536 601 591 103 104
537 601 608 602 592
538 606 613 600 597
539 603 593 602 609
540 607 598 600 613
541 604 594 603 610
542 605 595 604 611
543 606 596 605 612
544 9 599 607 8
545 104 105 608 601
546 609 602 608 614
547 610 603 609 615
548 611 604 610 616
549 612 605 611 617
550 613 606 612 618
551 8 607 613 7
552 614 608 105 106
553 615 609 614 619
554 616 610 615 620
555 617 611 616 621
556 618 612 617 622
557 7 613 618 6
558 619 614 106 107
559 620 615 619 623
560 621 616 620 624
561 622 617 621 625
562 6 618 622 5
563 623 619 107 108
564 624 620 623 626
565 625 621 624 627
566 5 622 625 4
567 626 623 108 109
568 627 624 626 628
569 4 625 627 3
570 628 626 109 110
571 3 627 628 2
572 2 628 110 1
573 629 718 70 69
574 718 719 71 70
575 630 720 718 629
576 72 71 719 721
577 631 723 720 630
578 720 722 719 718
579 721 724 73 72
580 721 719 722 725
581 632 727 723 631
582 723 726 722 720
583 724 728 74 73
584 725 729 724 721
585 725 722 726 730
586 633 732 727 632
587 727 731 726 723
588 75 74 728 733
589 729 734 728 724
590 730 735 729 725
591 634 738 732 633
592 730 726 731 736
593 732 737 731 727
594 733 728 734 740
595 76 75 733 739
596 735 741 734 729
597 736 742 735 730
598 635 745 738 634
599 736 731 737 743
600 738 744 737 732
601 739 733 740 747
602 77 76 739 746
603 740 734 741 748
604 742 749 741 735
605 636 753 745 635
606 743 750 742 736
607 743 737 744 751
608 745 752 744 738
609 746 739 747 755
610 747 740 748 756
611 746 754 78 77
612 748 741 749 757
613 750 758 749 742
614 637 762 753 636
615 751 759 750 743
616 751 744 752 760
617 753 761 752 745
618 755 764 754 746
619 755 747 756 765
620 754 763 79 78
621 756 748 757 766
622 757 749 758 767
623 759 768 758 750
624 638 772 762 637
625 760 769 759 751
626 760 752 761 770
627 762 771 761 753
628 764 774 763 754
629 765 775 764 755
630 80 79 763 773
631 765 756 766 776
632 766 757 767 777
633 767 758 768 778
634 639 783 772 638
635 769 779 768 759
636 770 780 769 760
637 770 761 771 781
638 772 782 771 762
639 773 763 774 784
640 775 785 774 764
641 776 786 775 765
642 776 766 777 787
643 777 767 778 788
644 778 768 779 789
645 640 794 783 639
646 780 790 779 769
647 781 791 780 770
648 781 771 782 792
649 783 793 782 772
650 773 795 81 80
651 784 796 795 773
652 784 774 785 797
653 786 798 785 775
654 787 799 786 776
655 787 777 788 800
656 788 778 789 801
657 789 779 790 802
658 641 807 794 640
659 791 803 790 780
660 792 804 791 781
661 792 782 793 805
662 794 806 793 783
663 82 81 795 808
664 797 809 796 784
665 808 795 796 810
666 797 785 798 811
667 799 812 798 786
668 800 813 799 787
669 800 788 801 814
670 801 789 802 815
671 642 821 807 641
672 802 790 803 816
673 804 817 803 791
674 805 818 804 792
675 805 793 806 819
676 807 820 806 794
677 83 82 808 822
678 811 823 809 797
679 810 796 809 824
680 811 798 812 825
681 813 826 812 799
682 814 827 813 800
683 814 801 815 828
684 815 802 816 829
685 643 835 821 642
686 816 803 817 830
687 818 831 817 804
688 819 833 818 805
689 819 806 820 832
690 821 834 820 807
691 822 808 810 836
692 822 837 84 83
693 824 809 823 838
694 825 839 823 811
695 836 810 824 840
696 825 812 826 841
697 827 843 826 813
698 644 645 835 643
699 828 844 827 814
700 828 815 829 845
701 829 816 830 846
702 830 817 831 848
703 833 850 831 818
704 832 851 833 819
705 832 820 834 849
706 835 847 834 821
707 837 842 85 84
708 836 852 837 822
709 86 85 842 853
710 838 823 839 855
711 840 824 838 854
712 841 856 839 825
713 841 826 843 857
714 844 859 843 827
715 845 860 844 828
716 845 829 846 862
717 645 646 847 835
718 846 830 848 864
719 848 831 850 863
720 849 834 847 861
721 849 865 851 832
722 851 866 850 833
723 840 867 852 836
724 852 858 842 837
725 854 838 855 869
726 855 839 856 871
727 854 870 867 840
728 857 872 856 841
729 857 843 859 874
730 860 876 859 844
731 861 847 646 647
732 862 878 860 845
733 862 846 864 879
734 861 877 865 849
735 864 848 863 881
736 863 850 866 880
737 865 882 866 851
738 867 873 868 852
739 858 852 868 875
740 858 883 853 842
741 87 86 853 883
742 869 886 870 854
743 869 855 871 885
744 871 856 872 887
745 873 867 870 888
746 874 889 872 857
747 874 859 876 890
748 647 648 877 861
749 878 892 876 860
750 879 894 878 862
751 877 893 882 865
752 879 864 881 896
753 881 863 880 897
754 880 866 882 895
755 891 875 868 873
756 858 875 884 883
757 898 88 87 883
758 891 899 884 875
759 885 901 886 869
760 885 871 887 900
761 888 870 886 903
762 887 872 889 902
763 891 873 888 906
764 890 904 889 874
765 890 876 892 905
766 648 649 893 877
767 894 907 892 878
768 895 882 893 908
769 896 910 894 879
770 897 880 895 909
771 896 881 897 911
772 717 89 88 898
773 912 883 884 899
774 914 898 883 912
775 899 891 906 913
776 900 915 901 885
777 900 887 902 916
778 903 886 901 918
779 902 889 904 917
780 906 888 903 921
781 905 919 904 890
782 905 892 907 920
783 908 893 649 650
784 910 922 907 894
785 909 895 908 923
786 911 925 910 896
787 911 897 909 924
788 716 717 898 914
789 912 899 913 927
790 913 906 926 929
791 916 932 915 900
792 916 902 917 933
793 918 901 915 935
794 917 904 919 934
795 921 903 918 938
796 920 936 919 905
797 920 907 922 937
798 925 940 922 910
799 923 908 650 651
800 924 909 923 939
801 924 941 925 911
802 921 930 926 906
803 928 914 912 927
804 914 928 931 716
805 927 913 929 942
806 945 929 926 930
807 933 946 932 916
808 933 917 934 947
809 935 915 932 948
810 934 919 936 949
811 938 918 935 952
812 937 950 936 920
813 937 922 940 951
814 941 953 940 925
815 939 954 941 924
816 939 923 651 652
817 930 921 938 955
818 943 928 927 942
819 715 716 931 944
820 943 944 931 928
821 942 929 945 956
822 947 957 946 933
823 948 932 946 959
824 947 934 949 958
825 949 936 950 960
826 952 935 948 963
827 951 961 950 937
828 951 940 953 962
829 954 964 953 941
830 652 653 954 939
831 945 930 955 966
832 955 938 952 967
833 968 943 942 956
834 944 943 965 969
835 714 715 944 969
836 958 970 957 947
837 959 946 957 972
838 958 949 960 971
839 960 950 961 973
840 963 948 959 976
841 962 974 961 951
842 962 953 964 975
843 653 654 964 954
844 952 963 977 967
845 956 945 966 978
846 966 955 967 979
847 965 943 968 981
848 965 980 714 969
849 956 978 988 968
850 971 982 970 958
851 970 984 972 957
852 971 960 973 983
853 973 961 974 985
854 976 959 972 987
855 975 986 974 962
856 975 964 654 655
857 963 976 989 977
858 967 977 990 979
859 978 966 979 991
860 980 992 713 714
861 993 980 965 981
862 968 988 993 981
863 983 994 982 971
864 982 995 984 970
865 983 973 985 996
866 984 998 987 972
867 986 997 985 974
868 655 656 986 975
869 976 987 999 989
870 977 989 1000 990
871 1004 988 978 991
872 979 990 1001 991
873 992 1002 712 713
874 993 1003 992 980
875 994 1006 995 982
876 996 1005 994 983
877 997 1007 996 985
878 995 1008 998 984
879 656 657 997 986
880 987 998 1009 999
881 989 999 1010 1000
882 990 1000 1012 1001
883 1019 993 988 1004
884 1003 1011 1002 992
885 991 1001 1015 1004
886 711 712 1002 1014
887 1005 1016 1006 994
888 1007 1017 1005 996
889 1006 1018 1008 995
890 657 658 1007 997
891 998 1008 1020 1009
892 993 1019 1013 1003
893 999 1009 1021 1010
894 1000 1010 1023 1012
895 1011 1003 1013 1022
896 1014 1002 1011 1024
897 1001 1012 1025 1015
898 710 711 1014 1026
899 1004 1015 1027 1019
900 1017 1028 1016 1005
901 1016 1029 1018 1006
902 658 659 1017 1007
903 1030 1020 1008 1018
904 1009 1020 1031 1021
905 1032 1022 1013 1019
906 1010 1021 1033 1023
907 1024 1011 1022 1034
908 1012 1023 1035 1025
909 1026 1014 1024 1036
910 709 710 1026 1037
911 1015 1025 1038 1027
912 1028 1039 1029 1016
913 659 660 1028 1017
914 1040 1030 1018 1029
915 1019 1027 1041 1032
916 1042 1031 1020 1030
917 1021 1031 1044 1033
918 1034 1022 1032 1043
919 1023 1033 1046 1035
920 1036 1024 1034 1045
921 1037 1026 1036 1047
922 1025 1035 1048 1038
923 708 709 1037 1049
924 1027 1038 1050 1041
925 660 661 1039 1028
926 1029 1039 1051 1040
927 1052 1042 1030 1040
928 1043 1032 1041 1053
929 1031 1042 1054 1044
930 1045 1034 1043 1055
931 1033 1044 1056 1046
932 1047 1036 1045 1057
933 1035 1046 1058 1048
934 1049 1037 1047 1059
935 707 708 1049 1060
936 1038 1048 1061 1050
937 1039 661 662 1051
938 1053 1041 1050 1062
939 1040 1051 1063 1052
940 1042 1052 1065 1054
941 1055 1043 1053 1064
942 1066 1056 1044 1054
943 1057 1045 1055 1067
944 1046 1056 1069 1058
945 1059 1047 1057 1068
946 1060 1049 1059 1070
947 1048 1058 1071 1061
948 706 707 1060 1072
949 1062 1050 1061 1073
950 1051 662 663 1063
951 1064 1053 1062 1074
952 1052 1063 1075 1065
953 1077 1066 1054 1065
954 1067 1055 1064 1076
955 1068 1057 1067 1078
956 1079 1069 1056 1066
957 1070 1059 1068 1080
958 1058 1069 1081 1071
959 1072 1060 1070 1082
960 1073 1061 1071 1083
961 705 706 1072 1084
962 1074 1062 1073 1085
963 1063 663 664 1075
964 1076 1064 1074 1086
965 1065 1075 1087 1077
966 1078 1067 1076 1088
967 1089 1079 1066 1077
968 1080 1068 1078 1090
969 1069 1079 1091 1081
970 1082 1070 1080 1092
971 1083 1071 1081 1093
972 1084 1072 1082 1094
973 1085 1073 1083 1095
974 704 705 1084 1096
975 1086 1074 1085 1097
976 1075 664 665 1087
977 1088 1076 1086 1098
978 1077 1087 1099 1089
979 1090 1078 1088 1100
980 1079 1089 1101 1091
981 1092 1080 1090 1102
982 1093 1081 1091 1103
983 1094 1082 1092 1104
984 1095 1083 1093 1105
985 1096 1084 1094 1106
986 1097 1085 1095 1107
987 703 704 1096 1108
988 1098 1086 1097 1109
989 1087 665 666 1099
990 1100 1088 1098 1110
991 1089 1099 1111 1101
992 1102 1090 1100 1112
993 1103 1091 1101 1113
994 1104 1092 1102 1114
995 1105 1093 1103 1115
996 1106 1094 1104 1116
997 1107 1095 1105 1117
998 1108 1096 1106 1119
999 1109 1097 1107 1118
1000 702 703 1108 1121
1001 1110 1098 1109 1120
1002 1099 666 667 1111
1003 1112 1100 1110 1122
1004 1113 1101 1111 1123
1005 1114 1102 1112 1124
1006 1115 1103 1113 1125
1007 1116 1104 1114 1126
1008 1117 1105 1115 1127
1009 1119 1106 1116 1129
1010 1118 1107 1117 1128
1011 1120 1109 1118 1130
1012 1121 1108 1119 1131
1013 701 702 1121 1133
1014 1122 1110 1120 1132
1015 1123 1111 667 668
1016 1124 1112 1122 1134
1017 1125 1113 1123 1135
1018 1126 1114 1124 1136
1019 1127 1115 1125 1137
1020 1129 1116 1126 1138
1021 1128 1117 1127 1139
1022 1130 1118 1128 1140
1023 1131 1119 1129 1142
1024 1132 1120 1130 1141
1025 1133 1121 1131 1144
1026 1134 1122 1132 1143
1027 700 701 1133 1145
1028 1135 1123 668 669
1029 1136 1124 1134 1146
1030 1137 1125 1135 1147
1031 1138 1126 1136 1148
1032 1139 1127 1137 1149
1033 1140 1128 1139 1150
1034 1142 1129 1138 1151
1035 1141 1130 1140 1152
1036 1143 1132 1141 1153
1037 1144 1131 1142 1155
1038 1146 1134 1143 1154
1039 699 700 1145 1157
1040 1145 1133 1144 1158
1041 1147 1135 669 670
1042 1148 1136 1146 1156
1043 1149 1137 1147 1159
1044 1151 1138 1148 1160
1045 1150 1139 1149 1161
1046 1152 1140 1150 1162
1047 1153 1141 1152 1163
1048 1154 1143 1153 1164
1049 1155 1142 1151 1166
1050 1156 1146 1154 1165
1051 698 699 1157 1168
1052 1157 1145 1158 1169
1053 1158 1144 1155 1171
1054 1159 1147 670 671
1055 1160 1148 1156 1167
1056 1161 1149 1159 1170
1057 1162 1150 1161 1172
1058 1163 1152 1162 1173
1059 1166 1151 1160 1177
1060 1164 1153 1163 1174
1061 1165 1154 1164 1175
1062 1167 1156 1165 1176
1063 697 698 1168 1179
1064 1168 1157 1169 1180
1065 1170 1159 671 672
1066 1171 1155 1166 1183
1067 1169 1158 1171 1181
1068 1160 1167 1178 1177
1069 1172 1161 1170 1182
1070 1173 1162 1172 1184
1071 1174 1163 1173 1185
1072 1175 1164 1174 1186
1073 1176 1165 1175 1187
1074 1167 1176 1188 1178
1075 696 697 1179 695
1076 1179 1168 1180 1189
1077 1183 1166 1177 1194
1078 1182 1170 672 673
1079 1180 1169 1181 1190
1080 1181 1171 1183 1192
1081 1184 1172 1182 1191
1082 1185 1173 1184 1193
1083 1198 1177 1178 1188
1084 1186 1174 1185 1195
1085 1187 1175 1186 1196
1086 1187 1197 1188 1176
1087 695 1179 1189 694
1088 1189 1180 1190 1199
1089 1191 1182 673 674
1090 1190 1181 1192 1200
1091 1193 1184 1191 1201
1092 1192 1183 1194 1202
1093 1194 1177 1198 1206
1094 1195 1185 1193 1203
1095 1196 1186 1195 1204
1096 1196 1205 1197 1187
1097 1198 1188 1197 1207
1098 694 1189 1199 693
1099 1201 1191 674 675
1100 1199 1190 1200 1208
1101 1200 1192 1202 1210
1102 1203 1193 1201 1209
1103 1204 1195 1203 1211
1104 1202 1194 1206 1213
1105 1204 1212 1205 1196
1106 1207 1197 1205 1214
1107 1206 1198 1207 1215
1108 693 1199 1208 692
1109 1209 1201 675 676
1110 1208 1200 1210 1216
1111 1211 1203 1209 1217
1112 1210 1202 1213 1219
1113 1211 1218 1212 1204
1114 1214 1205 1212 1220
1115 1213 1206 1215 1221
1116 1215 1207 1214 1222
1117 692 1208 1216 691
1118 1217 1209 676 677
1119 1216 1210 1219 1224
1120 1217 1223 1218 1211
1121 1220 1212 1218 1225
1122 1219 1213 1221 1226
1123 1222 1214 1220 1227
1124 1221 1215 1222 1228
1125 691 1216 1224 690
1126 677 678 1223 1217
1127 1225 1218 1223 1229
1128 1224 1219 1226 1230
1129 1227 1220 1225 1231
1130 1226 1221 1228 1232
1131 1228 1222 1227 1233
1132 1229 1223 678 679
1133 690 1224 1230 689
1134 1231 1225 1229 1234
1135 1230 1226 1232 1235
1136 1233 1227 1231 1236
1137 1232 1228 1233 1237
1138 1234 1229 679 680
1139 689 1230 1235 688
1140 1236 1231 1234 1238
1141 1235 1232 1237 1239
1142 1237 1233 1236 1240
1143 1238 1234 680 681
1144 688 1235 1239 687
1145 1240 1236 1238 1241
1146 1239 1237 1240 1242
1147 1241 1238 681 682
1148 687 1239 1242 686
1149 1242 1240 1241 1243
1150 1243 1241 682 683
1151 686 1242 1243 685
1152 685 1243 683 684
boundary:
69 1
69 2
89 2
force:
696 2 100.0
1 2 -100.0
end
